   	#	(	)	*	+	,	-	/	0	;	=	A	B	C	F	G	H	I	J	K	L	M	N	O	P	Q	R	S	U	V	W	Y	Z	b	c	f	q	r	s	t	u	v	w	x	y	{	}	
0	 0	 0	 0	 0	 0	 0	 0	 0	 0	 0	 0	G2	G1	 0	 0	 0	 0	 0	 0	 0	 0	 0	 0	 0	 0	 0	 0	 0	 0	 0	 0	 0	 0	 0	 0	 0	 0	 0	s3	s4	 0	 0	 0	 0	 0	 0	 0	
1	a0	 0	 0	 0	 0	 0	 0	 0	 0	 0	 0	 0	 0	 0	 0	 0	 0	 0	 0	 0	 0	 0	 0	 0	 0	 0	 0	 0	 0	 0	 0	 0	 0	 0	 0	 0	 0	 0	 0	 0	 0	 0	 0	 0	 0	 0	 0	
2	 0	 0	 0	 0	 0	 0	 0	 0	 0	 0	 0	 0	 0	 0	 0	 0	 0	 0	 0	 0	 0	 0	 0	 0	 0	 0	 0	 0	 0	 0	 0	 0	 0	 0	 0	 0	 0	s5	 0	 0	 0	 0	 0	 0	 0	 0	 0	
3	 0	 0	 0	 0	 0	 0	 0	 0	 0	 0	 0	 0	 0	 0	 0	 0	 0	 0	 0	 0	 0	 0	 0	 0	 0	 0	 0	 0	 0	 0	 0	 0	 0	 0	 0	 0	 0	r2	 0	 0	 0	 0	 0	 0	 0	 0	 0	
4	 0	 0	 0	 0	 0	 0	 0	 0	 0	 0	 0	 0	 0	 0	 0	 0	 0	 0	 0	 0	 0	 0	 0	 0	 0	 0	 0	 0	 0	 0	 0	 0	 0	 0	 0	 0	 0	r3	 0	 0	 0	 0	 0	 0	 0	 0	 0	
5	 0	s6	 0	 0	 0	 0	 0	 0	 0	 0	 0	 0	 0	 0	 0	 0	 0	 0	 0	 0	 0	 0	 0	 0	 0	 0	 0	 0	 0	 0	 0	 0	 0	 0	 0	 0	 0	 0	 0	 0	 0	 0	 0	 0	 0	 0	 0	
6	 0	 0	s7	 0	 0	 0	 0	 0	 0	 0	 0	 0	 0	 0	 0	 0	 0	 0	 0	 0	 0	 0	 0	 0	 0	 0	 0	 0	 0	 0	 0	 0	 0	 0	 0	 0	 0	 0	 0	 0	 0	 0	 0	 0	 0	 0	 0	
7	 0	 0	 0	 0	 0	 0	 0	 0	 0	 0	 0	 0	 0	G8	 0	 0	 0	G10	G14	G13	G11	G12	 0	 0	 0	 0	 0	 0	 0	 0	 0	 0	 0	 0	 0	 0	 0	s16	 0	 0	s15	s18	 0	s17	 0	s9	 0	
8	r1	 0	 0	 0	 0	 0	 0	 0	 0	 0	 0	 0	 0	 0	 0	 0	 0	 0	 0	 0	 0	 0	 0	 0	 0	 0	 0	 0	 0	 0	 0	 0	 0	 0	 0	 0	 0	 0	 0	 0	 0	 0	 0	 0	 0	 0	 0	
9	 0	 0	 0	 0	 0	 0	 0	 0	 0	 0	 0	 0	 0	 0	G19	G20	G21	G22	G27	G26	G24	G25	 0	 0	 0	 0	 0	 0	 0	 0	 0	 0	 0	 0	 0	 0	 0	s29	s23	 0	s28	s31	 0	s30	 0	 0	 0	
10	r6	 0	 0	 0	 0	 0	 0	 0	 0	 0	 0	 0	 0	 0	 0	 0	 0	 0	 0	 0	 0	 0	 0	 0	 0	 0	 0	 0	 0	 0	 0	 0	 0	 0	 0	 0	 0	 0	 0	 0	 0	 0	 0	 0	 0	 0	 0	
11	r13	 0	 0	 0	 0	 0	 0	 0	 0	 0	 0	 0	 0	 0	 0	 0	 0	 0	 0	 0	 0	 0	 0	 0	 0	 0	 0	 0	 0	 0	 0	 0	 0	 0	 0	 0	 0	 0	 0	 0	 0	 0	 0	 0	 0	 0	 0	
12	r34	 0	 0	 0	 0	 0	 0	 0	 0	 0	 0	 0	 0	 0	 0	 0	 0	 0	 0	 0	 0	 0	 0	 0	 0	 0	 0	 0	 0	 0	 0	 0	 0	 0	 0	 0	 0	 0	 0	 0	 0	 0	 0	 0	 0	 0	 0	
13	r39	 0	 0	 0	 0	 0	 0	 0	 0	 0	 0	 0	 0	 0	 0	 0	 0	 0	 0	 0	 0	 0	 0	 0	 0	 0	 0	 0	 0	 0	 0	 0	 0	 0	 0	 0	 0	 0	 0	 0	 0	 0	 0	 0	 0	 0	 0	
14	r41	 0	 0	 0	 0	 0	 0	 0	 0	 0	 0	 0	 0	 0	 0	 0	 0	 0	 0	 0	 0	 0	 0	 0	 0	 0	 0	 0	 0	 0	 0	 0	 0	 0	 0	 0	 0	 0	 0	 0	 0	 0	 0	 0	 0	 0	 0	
15	 0	s40	 0	 0	 0	 0	 0	 0	s37	 0	 0	 0	 0	 0	 0	 0	 0	 0	 0	 0	 0	 0	G32	G34	G35	G36	 0	 0	 0	 0	G33	 0	 0	 0	 0	 0	s39	s38	 0	 0	 0	 0	 0	 0	 0	 0	 0	
16	 0	 0	 0	 0	 0	 0	 0	 0	 0	 0	s41	 0	 0	 0	 0	 0	 0	 0	 0	 0	 0	 0	 0	 0	 0	 0	 0	 0	 0	 0	 0	 0	 0	 0	 0	 0	 0	 0	 0	 0	 0	 0	 0	 0	 0	 0	 0	
17	 0	s42	 0	 0	 0	 0	 0	 0	 0	 0	 0	 0	 0	 0	 0	 0	 0	 0	 0	 0	 0	 0	 0	 0	 0	 0	 0	 0	 0	 0	 0	 0	 0	 0	 0	 0	 0	 0	 0	 0	 0	 0	 0	 0	 0	 0	 0	
18	 0	s43	 0	 0	 0	 0	 0	 0	 0	 0	 0	 0	 0	 0	 0	 0	 0	 0	 0	 0	 0	 0	 0	 0	 0	 0	 0	 0	 0	 0	 0	 0	 0	 0	 0	 0	 0	 0	 0	 0	 0	 0	 0	 0	 0	 0	 0	
19	 0	 0	 0	 0	 0	 0	 0	 0	 0	 0	 0	 0	 0	 0	 0	G44	 0	G22	G27	G26	G24	G25	 0	 0	 0	 0	 0	 0	 0	 0	 0	 0	 0	 0	 0	 0	 0	s29	 0	 0	s28	s31	 0	s30	 0	 0	 0	
20	 0	 0	 0	 0	 0	 0	 0	 0	 0	 0	 0	 0	 0	 0	 0	 0	 0	 0	 0	 0	 0	 0	 0	 0	 0	 0	 0	 0	 0	 0	 0	 0	 0	 0	 0	 0	 0	 0	 0	 0	 0	 0	 0	 0	 0	 0	s45	
21	 0	 0	 0	 0	 0	 0	 0	 0	 0	s46	 0	 0	 0	 0	 0	 0	 0	 0	 0	 0	 0	 0	 0	 0	 0	 0	 0	 0	 0	 0	 0	 0	 0	 0	 0	 0	 0	 0	 0	 0	 0	 0	 0	 0	 0	 0	 0	
22	 0	 0	 0	 0	 0	 0	 0	 0	 0	 0	 0	 0	 0	 0	 0	G47	 0	G22	G27	G26	G24	G25	 0	 0	 0	 0	 0	 0	 0	 0	 0	 0	 0	 0	 0	 0	 0	s29	 0	 0	s28	s31	 0	s30	 0	 0	r12	
23	 0	 0	 0	 0	 0	 0	 0	 0	 0	 0	 0	 0	 0	 0	 0	 0	 0	 0	 0	 0	 0	 0	 0	 0	 0	 0	 0	 0	 0	 0	 0	 0	 0	 0	 0	 0	 0	s48	 0	 0	 0	 0	 0	 0	 0	 0	 0	
24	 0	 0	 0	 0	 0	 0	 0	 0	 0	 0	 0	 0	 0	 0	 0	 0	 0	 0	 0	 0	 0	 0	 0	 0	 0	 0	 0	 0	 0	 0	 0	 0	 0	 0	 0	 0	 0	r13	 0	 0	r13	r13	 0	r13	 0	 0	r13	
25	 0	 0	 0	 0	 0	 0	 0	 0	 0	 0	 0	 0	 0	 0	 0	 0	 0	 0	 0	 0	 0	 0	 0	 0	 0	 0	 0	 0	 0	 0	 0	 0	 0	 0	 0	 0	 0	r34	 0	 0	r34	r34	 0	r34	 0	 0	r34	
26	 0	 0	 0	 0	 0	 0	 0	 0	 0	 0	 0	 0	 0	 0	 0	 0	 0	 0	 0	 0	 0	 0	 0	 0	 0	 0	 0	 0	 0	 0	 0	 0	 0	 0	 0	 0	 0	r39	 0	 0	r39	r39	 0	r39	 0	 0	r39	
27	 0	 0	 0	 0	 0	 0	 0	 0	 0	 0	 0	 0	 0	 0	 0	 0	 0	 0	 0	 0	 0	 0	 0	 0	 0	 0	 0	 0	 0	 0	 0	 0	 0	 0	 0	 0	 0	r41	 0	 0	r41	r41	 0	r41	 0	 0	r41	
28	 0	s40	 0	 0	 0	 0	 0	 0	s37	 0	 0	 0	 0	 0	 0	 0	 0	 0	 0	 0	 0	 0	G49	G34	G35	G36	 0	 0	 0	 0	G50	 0	 0	 0	 0	 0	s39	s38	 0	 0	 0	 0	 0	 0	 0	 0	 0	
29	 0	 0	 0	 0	 0	 0	 0	 0	 0	 0	s51	 0	 0	 0	 0	 0	 0	 0	 0	 0	 0	 0	 0	 0	 0	 0	 0	 0	 0	 0	 0	 0	 0	 0	 0	 0	 0	 0	 0	 0	 0	 0	 0	 0	 0	 0	 0	
30	 0	s52	 0	 0	 0	 0	 0	 0	 0	 0	 0	 0	 0	 0	 0	 0	 0	 0	 0	 0	 0	 0	 0	 0	 0	 0	 0	 0	 0	 0	 0	 0	 0	 0	 0	 0	 0	 0	 0	 0	 0	 0	 0	 0	 0	 0	 0	
31	 0	s53	 0	 0	 0	 0	 0	 0	 0	 0	 0	 0	 0	 0	 0	 0	 0	 0	 0	 0	 0	 0	 0	 0	 0	 0	 0	 0	 0	 0	 0	 0	 0	 0	 0	 0	 0	 0	 0	 0	 0	 0	 0	 0	 0	 0	 0	
32	r14	 0	 0	 0	 0	 0	 0	 0	 0	 0	 0	 0	 0	 0	 0	 0	 0	 0	 0	 0	 0	 0	 0	 0	 0	 0	 0	 0	 0	 0	 0	 0	 0	 0	 0	 0	 0	 0	 0	 0	 0	 0	 0	 0	 0	 0	 0	
33	 0	 0	 0	 0	 0	 0	 0	 0	 0	s54	 0	 0	 0	 0	 0	 0	 0	 0	 0	 0	 0	 0	 0	 0	 0	 0	 0	 0	 0	 0	 0	 0	 0	 0	 0	 0	 0	 0	 0	 0	 0	 0	 0	 0	 0	 0	 0	
34	 0	 0	 0	 0	 0	 0	 0	 0	 0	r16	 0	 0	 0	 0	 0	 0	 0	 0	 0	 0	 0	 0	 0	 0	 0	 0	 0	 0	 0	 0	 0	 0	 0	 0	G55	 0	 0	 0	 0	 0	 0	 0	 0	 0	s56	 0	 0	
35	 0	 0	 0	 0	s58	 0	s59	 0	 0	r17	 0	 0	 0	 0	 0	 0	 0	 0	 0	 0	 0	 0	 0	 0	 0	 0	 0	 0	 0	 0	 0	G57	 0	 0	 0	 0	 0	 0	 0	 0	 0	 0	 0	 0	r17	 0	 0	
36	 0	 0	 0	s61	r23	 0	r23	s62	 0	r23	 0	 0	 0	 0	 0	 0	 0	 0	 0	 0	 0	 0	 0	 0	 0	 0	 0	 0	 0	 0	 0	 0	G60	 0	 0	 0	 0	 0	 0	 0	 0	 0	 0	 0	r23	 0	 0	
37	 0	 0	 0	r29	r29	 0	r29	r29	 0	r29	 0	 0	 0	 0	 0	 0	 0	 0	 0	 0	 0	 0	 0	 0	 0	 0	 0	 0	 0	 0	 0	 0	 0	 0	 0	 0	 0	 0	 0	 0	 0	 0	 0	 0	r29	 0	 0	
38	 0	s64	 0	r30	r30	 0	r30	r30	 0	r30	 0	 0	 0	 0	 0	 0	 0	 0	 0	 0	 0	 0	 0	 0	 0	 0	G63	 0	 0	 0	 0	 0	 0	 0	 0	 0	 0	 0	 0	 0	 0	 0	 0	 0	r30	 0	 0	
39	 0	 0	 0	r31	r31	 0	r31	r31	 0	r31	 0	 0	 0	 0	 0	 0	 0	 0	 0	 0	 0	 0	 0	 0	 0	 0	 0	 0	 0	 0	 0	 0	 0	 0	 0	 0	 0	 0	 0	 0	 0	 0	 0	 0	r31	 0	 0	
40	 0	s72	 0	 0	 0	 0	 0	 0	s69	 0	 0	 0	 0	 0	 0	 0	 0	 0	 0	 0	 0	 0	 0	G66	G67	G68	 0	 0	 0	 0	G65	 0	 0	 0	 0	 0	s71	s70	 0	 0	 0	 0	 0	 0	 0	 0	 0	
41	 0	s40	 0	 0	 0	 0	 0	 0	s37	 0	 0	 0	 0	 0	 0	 0	 0	 0	 0	 0	 0	 0	G73	G34	G35	G36	 0	 0	 0	 0	G33	 0	 0	 0	 0	 0	s39	s38	 0	 0	 0	 0	 0	 0	 0	 0	 0	
42	 0	s72	 0	 0	 0	 0	 0	 0	s69	 0	 0	 0	 0	 0	 0	 0	 0	 0	 0	 0	 0	 0	 0	G66	G67	G68	 0	 0	 0	 0	G74	 0	 0	 0	 0	 0	s71	s70	 0	 0	 0	 0	 0	 0	 0	 0	 0	
43	 0	s72	 0	 0	 0	 0	 0	 0	s69	 0	 0	 0	 0	 0	 0	 0	 0	 0	 0	 0	 0	 0	 0	G66	G67	G68	 0	 0	 0	 0	G75	 0	 0	 0	 0	 0	s71	s70	 0	 0	 0	 0	 0	 0	 0	 0	 0	
44	 0	 0	 0	 0	 0	 0	 0	 0	 0	 0	 0	 0	 0	 0	 0	 0	 0	 0	 0	 0	 0	 0	 0	 0	 0	 0	 0	 0	 0	 0	 0	 0	 0	 0	 0	 0	 0	 0	 0	 0	 0	 0	 0	 0	 0	 0	s76	
45	r5	 0	 0	 0	 0	 0	 0	 0	 0	 0	 0	 0	 0	 0	 0	 0	 0	 0	 0	 0	 0	 0	 0	 0	 0	 0	 0	 0	 0	 0	 0	 0	 0	 0	 0	 0	 0	 0	 0	 0	 0	 0	 0	 0	 0	 0	 0	
46	 0	 0	 0	 0	 0	 0	 0	 0	 0	 0	 0	 0	 0	 0	G77	 0	G21	 0	 0	 0	 0	 0	 0	 0	 0	 0	 0	 0	 0	 0	 0	 0	 0	 0	 0	 0	 0	r8	s23	 0	r8	r8	 0	r8	 0	 0	 0	
47	 0	 0	 0	 0	 0	 0	 0	 0	 0	 0	 0	 0	 0	 0	 0	 0	 0	 0	 0	 0	 0	 0	 0	 0	 0	 0	 0	 0	 0	 0	 0	 0	 0	 0	 0	 0	 0	 0	 0	 0	 0	 0	 0	 0	 0	 0	r11	
48	 0	 0	 0	 0	 0	 0	 0	 0	 0	r9	s78	 0	 0	 0	 0	 0	 0	 0	 0	 0	 0	 0	 0	 0	 0	 0	 0	 0	 0	 0	 0	 0	 0	 0	 0	 0	 0	 0	 0	 0	 0	 0	 0	 0	 0	 0	 0	
49	 0	 0	 0	 0	 0	 0	 0	 0	 0	 0	 0	 0	 0	 0	 0	 0	 0	 0	 0	 0	 0	 0	 0	 0	 0	 0	 0	 0	 0	 0	 0	 0	 0	 0	 0	 0	 0	r14	 0	 0	r14	r14	 0	r14	 0	 0	r14	
50	 0	 0	 0	 0	 0	 0	 0	 0	 0	s79	 0	 0	 0	 0	 0	 0	 0	 0	 0	 0	 0	 0	 0	 0	 0	 0	 0	 0	 0	 0	 0	 0	 0	 0	 0	 0	 0	 0	 0	 0	 0	 0	 0	 0	 0	 0	 0	
51	 0	s40	 0	 0	 0	 0	 0	 0	s37	 0	 0	 0	 0	 0	 0	 0	 0	 0	 0	 0	 0	 0	G80	G34	G35	G36	 0	 0	 0	 0	G50	 0	 0	 0	 0	 0	s39	s38	 0	 0	 0	 0	 0	 0	 0	 0	 0	
52	 0	s72	 0	 0	 0	 0	 0	 0	s69	 0	 0	 0	 0	 0	 0	 0	 0	 0	 0	 0	 0	 0	 0	G66	G67	G68	 0	 0	 0	 0	G81	 0	 0	 0	 0	 0	s71	s70	 0	 0	 0	 0	 0	 0	 0	 0	 0	
53	 0	s72	 0	 0	 0	 0	 0	 0	s69	 0	 0	 0	 0	 0	 0	 0	 0	 0	 0	 0	 0	 0	 0	G66	G67	G68	 0	 0	 0	 0	G82	 0	 0	 0	 0	 0	s71	s70	 0	 0	 0	 0	 0	 0	 0	 0	 0	
54	r15	 0	 0	 0	 0	 0	 0	 0	 0	 0	 0	 0	 0	 0	 0	 0	 0	 0	 0	 0	 0	 0	 0	 0	 0	 0	 0	 0	 0	 0	 0	 0	 0	 0	 0	 0	 0	 0	 0	 0	 0	 0	 0	 0	 0	 0	 0	
55	 0	 0	 0	 0	 0	 0	 0	 0	 0	r36	 0	 0	 0	 0	 0	 0	 0	 0	 0	 0	 0	 0	 0	 0	 0	 0	 0	 0	 0	 0	 0	 0	 0	 0	 0	 0	 0	 0	 0	 0	 0	 0	 0	 0	 0	 0	 0	
56	 0	s40	 0	 0	 0	 0	 0	 0	s37	 0	 0	 0	 0	 0	 0	 0	 0	 0	 0	 0	 0	 0	 0	G83	G35	G36	 0	 0	 0	 0	 0	 0	 0	 0	 0	 0	s39	s38	 0	 0	 0	 0	 0	 0	 0	 0	 0	
57	 0	 0	 0	 0	 0	 0	 0	 0	 0	r18	 0	 0	 0	 0	 0	 0	 0	 0	 0	 0	 0	 0	 0	 0	 0	 0	 0	 0	 0	 0	 0	 0	 0	 0	 0	 0	 0	 0	 0	 0	 0	 0	 0	 0	r18	 0	 0	
58	 0	s40	 0	 0	 0	 0	 0	 0	s37	 0	 0	 0	 0	 0	 0	 0	 0	 0	 0	 0	 0	 0	 0	 0	G84	G36	 0	 0	 0	 0	 0	 0	 0	 0	 0	 0	s39	s38	 0	 0	 0	 0	 0	 0	 0	 0	 0	
59	 0	s40	 0	 0	 0	 0	 0	 0	s37	 0	 0	 0	 0	 0	 0	 0	 0	 0	 0	 0	 0	 0	 0	 0	G85	G36	 0	 0	 0	 0	 0	 0	 0	 0	 0	 0	s39	s38	 0	 0	 0	 0	 0	 0	 0	 0	 0	
60	 0	 0	 0	 0	r24	 0	r24	 0	 0	r24	 0	 0	 0	 0	 0	 0	 0	 0	 0	 0	 0	 0	 0	 0	 0	 0	 0	 0	 0	 0	 0	 0	 0	 0	 0	 0	 0	 0	 0	 0	 0	 0	 0	 0	r24	 0	 0	
61	 0	s40	 0	 0	 0	 0	 0	 0	s37	 0	 0	 0	 0	 0	 0	 0	 0	 0	 0	 0	 0	 0	 0	 0	 0	G86	 0	 0	 0	 0	 0	 0	 0	 0	 0	 0	s39	s38	 0	 0	 0	 0	 0	 0	 0	 0	 0	
62	 0	s40	 0	 0	 0	 0	 0	 0	s37	 0	 0	 0	 0	 0	 0	 0	 0	 0	 0	 0	 0	 0	 0	 0	 0	G87	 0	 0	 0	 0	 0	 0	 0	 0	 0	 0	s39	s38	 0	 0	 0	 0	 0	 0	 0	 0	 0	
63	 0	 0	 0	r32	r32	 0	r32	r32	 0	r32	 0	 0	 0	 0	 0	 0	 0	 0	 0	 0	 0	 0	 0	 0	 0	 0	 0	 0	 0	 0	 0	 0	 0	 0	 0	 0	 0	 0	 0	 0	 0	 0	 0	 0	r32	 0	 0	
64	 0	s98	s89	 0	 0	 0	 0	 0	s95	 0	 0	 0	 0	 0	 0	 0	 0	 0	 0	 0	 0	 0	 0	G92	G93	G94	 0	 0	G90	G88	G91	 0	 0	 0	 0	 0	s97	s96	 0	 0	 0	 0	 0	 0	 0	 0	 0	
65	 0	 0	s99	 0	 0	 0	 0	 0	 0	 0	 0	 0	 0	 0	 0	 0	 0	 0	 0	 0	 0	 0	 0	 0	 0	 0	 0	 0	 0	 0	 0	 0	 0	 0	 0	 0	 0	 0	 0	 0	 0	 0	 0	 0	 0	 0	 0	
66	 0	 0	r16	 0	 0	 0	 0	 0	 0	 0	 0	 0	 0	 0	 0	 0	 0	 0	 0	 0	 0	 0	 0	 0	 0	 0	 0	 0	 0	 0	 0	 0	 0	 0	G100	 0	 0	 0	 0	 0	 0	 0	 0	 0	s101	 0	 0	
67	 0	 0	r17	 0	s103	 0	s104	 0	 0	 0	 0	 0	 0	 0	 0	 0	 0	 0	 0	 0	 0	 0	 0	 0	 0	 0	 0	 0	 0	 0	 0	G102	 0	 0	 0	 0	 0	 0	 0	 0	 0	 0	 0	 0	r17	 0	 0	
68	 0	 0	r23	s106	r23	 0	r23	s107	 0	 0	 0	 0	 0	 0	 0	 0	 0	 0	 0	 0	 0	 0	 0	 0	 0	 0	 0	 0	 0	 0	 0	 0	G105	 0	 0	 0	 0	 0	 0	 0	 0	 0	 0	 0	r23	 0	 0	
69	 0	 0	r29	r29	r29	 0	r29	r29	 0	 0	 0	 0	 0	 0	 0	 0	 0	 0	 0	 0	 0	 0	 0	 0	 0	 0	 0	 0	 0	 0	 0	 0	 0	 0	 0	 0	 0	 0	 0	 0	 0	 0	 0	 0	r29	 0	 0	
70	 0	s109	r30	r30	r30	 0	r30	r30	 0	 0	 0	 0	 0	 0	 0	 0	 0	 0	 0	 0	 0	 0	 0	 0	 0	 0	G108	 0	 0	 0	 0	 0	 0	 0	 0	 0	 0	 0	 0	 0	 0	 0	 0	 0	r30	 0	 0	
71	 0	 0	r31	r31	r31	 0	r31	r31	 0	 0	 0	 0	 0	 0	 0	 0	 0	 0	 0	 0	 0	 0	 0	 0	 0	 0	 0	 0	 0	 0	 0	 0	 0	 0	 0	 0	 0	 0	 0	 0	 0	 0	 0	 0	r31	 0	 0	
72	 0	s72	 0	 0	 0	 0	 0	 0	s69	 0	 0	 0	 0	 0	 0	 0	 0	 0	 0	 0	 0	 0	 0	G66	G67	G68	 0	 0	 0	 0	G110	 0	 0	 0	 0	 0	s71	s70	 0	 0	 0	 0	 0	 0	 0	 0	 0	
73	r35	 0	 0	 0	 0	 0	 0	 0	 0	 0	 0	 0	 0	 0	 0	 0	 0	 0	 0	 0	 0	 0	 0	 0	 0	 0	 0	 0	 0	 0	 0	 0	 0	 0	 0	 0	 0	 0	 0	 0	 0	 0	 0	 0	 0	 0	 0	
74	 0	 0	s111	 0	 0	 0	 0	 0	 0	 0	 0	 0	 0	 0	 0	 0	 0	 0	 0	 0	 0	 0	 0	 0	 0	 0	 0	 0	 0	 0	 0	 0	 0	 0	 0	 0	 0	 0	 0	 0	 0	 0	 0	 0	 0	 0	 0	
75	 0	 0	s112	 0	 0	 0	 0	 0	 0	 0	 0	 0	 0	 0	 0	 0	 0	 0	 0	 0	 0	 0	 0	 0	 0	 0	 0	 0	 0	 0	 0	 0	 0	 0	 0	 0	 0	 0	 0	 0	 0	 0	 0	 0	 0	 0	 0	
76	r4	 0	 0	 0	 0	 0	 0	 0	 0	 0	 0	 0	 0	 0	 0	 0	 0	 0	 0	 0	 0	 0	 0	 0	 0	 0	 0	 0	 0	 0	 0	 0	 0	 0	 0	 0	 0	 0	 0	 0	 0	 0	 0	 0	 0	 0	 0	
77	 0	 0	 0	 0	 0	 0	 0	 0	 0	 0	 0	 0	 0	 0	 0	 0	 0	 0	 0	 0	 0	 0	 0	 0	 0	 0	 0	 0	 0	 0	 0	 0	 0	 0	 0	 0	 0	r7	 0	 0	r7	r7	 0	r7	 0	 0	 0	
78	 0	 0	 0	 0	 0	 0	 0	 0	 0	 0	 0	 0	 0	 0	 0	 0	 0	 0	 0	 0	 0	 0	 0	 0	 0	 0	 0	 0	 0	 0	 0	 0	 0	 0	 0	 0	s113	 0	 0	 0	 0	 0	 0	 0	 0	 0	 0	
79	 0	 0	 0	 0	 0	 0	 0	 0	 0	 0	 0	 0	 0	 0	 0	 0	 0	 0	 0	 0	 0	 0	 0	 0	 0	 0	 0	 0	 0	 0	 0	 0	 0	 0	 0	 0	 0	r15	 0	 0	r15	r15	 0	r15	 0	 0	r15	
80	 0	 0	 0	 0	 0	 0	 0	 0	 0	 0	 0	 0	 0	 0	 0	 0	 0	 0	 0	 0	 0	 0	 0	 0	 0	 0	 0	 0	 0	 0	 0	 0	 0	 0	 0	 0	 0	r35	 0	 0	r35	r35	 0	r35	 0	 0	r35	
81	 0	 0	s114	 0	 0	 0	 0	 0	 0	 0	 0	 0	 0	 0	 0	 0	 0	 0	 0	 0	 0	 0	 0	 0	 0	 0	 0	 0	 0	 0	 0	 0	 0	 0	 0	 0	 0	 0	 0	 0	 0	 0	 0	 0	 0	 0	 0	
82	 0	 0	s115	 0	 0	 0	 0	 0	 0	 0	 0	 0	 0	 0	 0	 0	 0	 0	 0	 0	 0	 0	 0	 0	 0	 0	 0	 0	 0	 0	 0	 0	 0	 0	 0	 0	 0	 0	 0	 0	 0	 0	 0	 0	 0	 0	 0	
83	 0	 0	 0	 0	 0	 0	 0	 0	 0	r37	 0	 0	 0	 0	 0	 0	 0	 0	 0	 0	 0	 0	 0	 0	 0	 0	 0	 0	 0	 0	 0	 0	 0	 0	G116	 0	 0	 0	 0	 0	 0	 0	 0	 0	s56	 0	 0	
84	 0	 0	 0	 0	s58	 0	s59	 0	 0	r19	 0	 0	 0	 0	 0	 0	 0	 0	 0	 0	 0	 0	 0	 0	 0	 0	 0	 0	 0	 0	 0	G117	 0	 0	 0	 0	 0	 0	 0	 0	 0	 0	 0	 0	r19	 0	 0	
85	 0	 0	 0	 0	s58	 0	s59	 0	 0	r20	 0	 0	 0	 0	 0	 0	 0	 0	 0	 0	 0	 0	 0	 0	 0	 0	 0	 0	 0	 0	 0	G118	 0	 0	 0	 0	 0	 0	 0	 0	 0	 0	 0	 0	r20	 0	 0	
86	 0	 0	 0	s61	r25	 0	r25	s62	 0	r25	 0	 0	 0	 0	 0	 0	 0	 0	 0	 0	 0	 0	 0	 0	 0	 0	 0	 0	 0	 0	 0	 0	G119	 0	 0	 0	 0	 0	 0	 0	 0	 0	 0	 0	r25	 0	 0	
87	 0	 0	 0	s61	r26	 0	r26	s62	 0	r26	 0	 0	 0	 0	 0	 0	 0	 0	 0	 0	 0	 0	 0	 0	 0	 0	 0	 0	 0	 0	 0	 0	G120	 0	 0	 0	 0	 0	 0	 0	 0	 0	 0	 0	r26	 0	 0	
88	 0	 0	s121	 0	 0	 0	 0	 0	 0	 0	 0	 0	 0	 0	 0	 0	 0	 0	 0	 0	 0	 0	 0	 0	 0	 0	 0	 0	 0	 0	 0	 0	 0	 0	 0	 0	 0	 0	 0	 0	 0	 0	 0	 0	 0	 0	 0	
89	 0	 0	 0	r46	r46	 0	r46	r46	 0	r46	 0	 0	 0	 0	 0	 0	 0	 0	 0	 0	 0	 0	 0	 0	 0	 0	 0	 0	 0	 0	 0	 0	 0	 0	 0	 0	 0	 0	 0	 0	 0	 0	 0	 0	r46	 0	 0	
90	 0	 0	r47	 0	 0	 0	 0	 0	 0	 0	 0	 0	 0	 0	 0	 0	 0	 0	 0	 0	 0	 0	 0	 0	 0	 0	 0	 0	 0	 0	 0	 0	 0	 0	 0	 0	 0	 0	 0	 0	 0	 0	 0	 0	 0	 0	 0	
91	 0	 0	r48	 0	 0	s123	 0	 0	 0	 0	 0	 0	 0	 0	 0	 0	 0	 0	 0	 0	 0	 0	 0	 0	 0	 0	 0	 0	 0	 0	 0	 0	 0	 0	 0	G122	 0	 0	 0	 0	 0	 0	 0	 0	 0	 0	 0	
92	 0	 0	r16	 0	 0	r16	 0	 0	 0	 0	 0	 0	 0	 0	 0	 0	 0	 0	 0	 0	 0	 0	 0	 0	 0	 0	 0	 0	 0	 0	 0	 0	 0	 0	G124	 0	 0	 0	 0	 0	 0	 0	 0	 0	s125	 0	 0	
93	 0	 0	r17	 0	s127	r17	s128	 0	 0	 0	 0	 0	 0	 0	 0	 0	 0	 0	 0	 0	 0	 0	 0	 0	 0	 0	 0	 0	 0	 0	 0	G126	 0	 0	 0	 0	 0	 0	 0	 0	 0	 0	 0	 0	r17	 0	 0	
94	 0	 0	r23	s130	r23	r23	r23	s131	 0	 0	 0	 0	 0	 0	 0	 0	 0	 0	 0	 0	 0	 0	 0	 0	 0	 0	 0	 0	 0	 0	 0	 0	G129	 0	 0	 0	 0	 0	 0	 0	 0	 0	 0	 0	r23	 0	 0	
95	 0	 0	r29	r29	r29	r29	r29	r29	 0	 0	 0	 0	 0	 0	 0	 0	 0	 0	 0	 0	 0	 0	 0	 0	 0	 0	 0	 0	 0	 0	 0	 0	 0	 0	 0	 0	 0	 0	 0	 0	 0	 0	 0	 0	r29	 0	 0	
96	 0	s133	r30	r30	r30	r30	r30	r30	 0	 0	 0	 0	 0	 0	 0	 0	 0	 0	 0	 0	 0	 0	 0	 0	 0	 0	G132	 0	 0	 0	 0	 0	 0	 0	 0	 0	 0	 0	 0	 0	 0	 0	 0	 0	r30	 0	 0	
97	 0	 0	r31	r31	r31	r31	r31	r31	 0	 0	 0	 0	 0	 0	 0	 0	 0	 0	 0	 0	 0	 0	 0	 0	 0	 0	 0	 0	 0	 0	 0	 0	 0	 0	 0	 0	 0	 0	 0	 0	 0	 0	 0	 0	r31	 0	 0	
98	 0	s72	 0	 0	 0	 0	 0	 0	s69	 0	 0	 0	 0	 0	 0	 0	 0	 0	 0	 0	 0	 0	 0	G66	G67	G68	 0	 0	 0	 0	G134	 0	 0	 0	 0	 0	s71	s70	 0	 0	 0	 0	 0	 0	 0	 0	 0	
99	 0	 0	 0	r33	r33	 0	r33	r33	 0	r33	 0	 0	 0	 0	 0	 0	 0	 0	 0	 0	 0	 0	 0	 0	 0	 0	 0	 0	 0	 0	 0	 0	 0	 0	 0	 0	 0	 0	 0	 0	 0	 0	 0	 0	r33	 0	 0	
100	 0	 0	r36	 0	 0	 0	 0	 0	 0	 0	 0	 0	 0	 0	 0	 0	 0	 0	 0	 0	 0	 0	 0	 0	 0	 0	 0	 0	 0	 0	 0	 0	 0	 0	 0	 0	 0	 0	 0	 0	 0	 0	 0	 0	 0	 0	 0	
101	 0	s72	 0	 0	 0	 0	 0	 0	s69	 0	 0	 0	 0	 0	 0	 0	 0	 0	 0	 0	 0	 0	 0	G135	G67	G68	 0	 0	 0	 0	 0	 0	 0	 0	 0	 0	s71	s70	 0	 0	 0	 0	 0	 0	 0	 0	 0	
102	 0	 0	r18	 0	 0	 0	 0	 0	 0	 0	 0	 0	 0	 0	 0	 0	 0	 0	 0	 0	 0	 0	 0	 0	 0	 0	 0	 0	 0	 0	 0	 0	 0	 0	 0	 0	 0	 0	 0	 0	 0	 0	 0	 0	r18	 0	 0	
103	 0	s72	 0	 0	 0	 0	 0	 0	s69	 0	 0	 0	 0	 0	 0	 0	 0	 0	 0	 0	 0	 0	 0	 0	G136	G68	 0	 0	 0	 0	 0	 0	 0	 0	 0	 0	s71	s70	 0	 0	 0	 0	 0	 0	 0	 0	 0	
104	 0	s72	 0	 0	 0	 0	 0	 0	s69	 0	 0	 0	 0	 0	 0	 0	 0	 0	 0	 0	 0	 0	 0	 0	G137	G68	 0	 0	 0	 0	 0	 0	 0	 0	 0	 0	s71	s70	 0	 0	 0	 0	 0	 0	 0	 0	 0	
105	 0	 0	r24	 0	r24	 0	r24	 0	 0	 0	 0	 0	 0	 0	 0	 0	 0	 0	 0	 0	 0	 0	 0	 0	 0	 0	 0	 0	 0	 0	 0	 0	 0	 0	 0	 0	 0	 0	 0	 0	 0	 0	 0	 0	r24	 0	 0	
106	 0	s72	 0	 0	 0	 0	 0	 0	s69	 0	 0	 0	 0	 0	 0	 0	 0	 0	 0	 0	 0	 0	 0	 0	 0	G138	 0	 0	 0	 0	 0	 0	 0	 0	 0	 0	s71	s70	 0	 0	 0	 0	 0	 0	 0	 0	 0	
107	 0	s72	 0	 0	 0	 0	 0	 0	s69	 0	 0	 0	 0	 0	 0	 0	 0	 0	 0	 0	 0	 0	 0	 0	 0	G139	 0	 0	 0	 0	 0	 0	 0	 0	 0	 0	s71	s70	 0	 0	 0	 0	 0	 0	 0	 0	 0	
108	 0	 0	r32	r32	r32	 0	r32	r32	 0	 0	 0	 0	 0	 0	 0	 0	 0	 0	 0	 0	 0	 0	 0	 0	 0	 0	 0	 0	 0	 0	 0	 0	 0	 0	 0	 0	 0	 0	 0	 0	 0	 0	 0	 0	r32	 0	 0	
109	 0	s98	s141	 0	 0	 0	 0	 0	s95	 0	 0	 0	 0	 0	 0	 0	 0	 0	 0	 0	 0	 0	 0	G92	G93	G94	 0	 0	G90	G140	G91	 0	 0	 0	 0	 0	s97	s96	 0	 0	 0	 0	 0	 0	 0	 0	 0	
110	 0	 0	s142	 0	 0	 0	 0	 0	 0	 0	 0	 0	 0	 0	 0	 0	 0	 0	 0	 0	 0	 0	 0	 0	 0	 0	 0	 0	 0	 0	 0	 0	 0	 0	 0	 0	 0	 0	 0	 0	 0	 0	 0	 0	 0	 0	 0	
111	 0	 0	 0	 0	 0	 0	 0	 0	 0	 0	 0	 0	 0	G143	 0	 0	 0	G10	G14	G13	G11	G12	 0	 0	 0	 0	 0	 0	 0	 0	 0	 0	 0	 0	 0	 0	 0	s16	 0	 0	s15	s18	 0	s17	 0	s9	 0	
112	 0	 0	 0	 0	 0	 0	 0	 0	 0	 0	 0	 0	 0	G144	 0	 0	 0	G146	G150	G149	G147	G148	 0	 0	 0	 0	 0	 0	 0	 0	 0	 0	 0	 0	 0	 0	 0	s152	 0	 0	s151	s154	 0	s153	 0	s145	 0	
113	 0	 0	 0	 0	 0	 0	 0	 0	 0	r10	 0	 0	 0	 0	 0	 0	 0	 0	 0	 0	 0	 0	 0	 0	 0	 0	 0	 0	 0	 0	 0	 0	 0	 0	 0	 0	 0	 0	 0	 0	 0	 0	 0	 0	 0	 0	 0	
114	 0	 0	 0	 0	 0	 0	 0	 0	 0	 0	 0	 0	 0	G155	 0	 0	 0	G157	G27	G26	G24	G25	 0	 0	 0	 0	 0	 0	 0	 0	 0	 0	 0	 0	 0	 0	 0	s29	 0	 0	s28	s31	 0	s30	 0	s156	 0	
115	 0	 0	 0	 0	 0	 0	 0	 0	 0	 0	 0	 0	 0	G158	 0	 0	 0	G160	G164	G163	G161	G162	 0	 0	 0	 0	 0	 0	 0	 0	 0	 0	 0	 0	 0	 0	 0	s166	 0	 0	s165	s168	 0	s167	 0	s159	 0	
116	 0	 0	 0	 0	 0	 0	 0	 0	 0	r38	 0	 0	 0	 0	 0	 0	 0	 0	 0	 0	 0	 0	 0	 0	 0	 0	 0	 0	 0	 0	 0	 0	 0	 0	 0	 0	 0	 0	 0	 0	 0	 0	 0	 0	 0	 0	 0	
117	 0	 0	 0	 0	 0	 0	 0	 0	 0	r21	 0	 0	 0	 0	 0	 0	 0	 0	 0	 0	 0	 0	 0	 0	 0	 0	 0	 0	 0	 0	 0	 0	 0	 0	 0	 0	 0	 0	 0	 0	 0	 0	 0	 0	r21	 0	 0	
118	 0	 0	 0	 0	 0	 0	 0	 0	 0	r22	 0	 0	 0	 0	 0	 0	 0	 0	 0	 0	 0	 0	 0	 0	 0	 0	 0	 0	 0	 0	 0	 0	 0	 0	 0	 0	 0	 0	 0	 0	 0	 0	 0	 0	r22	 0	 0	
119	 0	 0	 0	 0	r27	 0	r27	 0	 0	r27	 0	 0	 0	 0	 0	 0	 0	 0	 0	 0	 0	 0	 0	 0	 0	 0	 0	 0	 0	 0	 0	 0	 0	 0	 0	 0	 0	 0	 0	 0	 0	 0	 0	 0	r27	 0	 0	
120	 0	 0	 0	 0	r28	 0	r28	 0	 0	r28	 0	 0	 0	 0	 0	 0	 0	 0	 0	 0	 0	 0	 0	 0	 0	 0	 0	 0	 0	 0	 0	 0	 0	 0	 0	 0	 0	 0	 0	 0	 0	 0	 0	 0	r28	 0	 0	
121	 0	 0	 0	r45	r45	 0	r45	r45	 0	r45	 0	 0	 0	 0	 0	 0	 0	 0	 0	 0	 0	 0	 0	 0	 0	 0	 0	 0	 0	 0	 0	 0	 0	 0	 0	 0	 0	 0	 0	 0	 0	 0	 0	 0	r45	 0	 0	
122	 0	 0	r49	 0	 0	 0	 0	 0	 0	 0	 0	 0	 0	 0	 0	 0	 0	 0	 0	 0	 0	 0	 0	 0	 0	 0	 0	 0	 0	 0	 0	 0	 0	 0	 0	 0	 0	 0	 0	 0	 0	 0	 0	 0	 0	 0	 0	
123	 0	s98	 0	 0	 0	 0	 0	 0	s95	 0	 0	 0	 0	 0	 0	 0	 0	 0	 0	 0	 0	 0	 0	G92	G93	G94	 0	 0	 0	 0	G169	 0	 0	 0	 0	 0	s97	s96	 0	 0	 0	 0	 0	 0	 0	 0	 0	
124	 0	 0	r36	 0	 0	r36	 0	 0	 0	 0	 0	 0	 0	 0	 0	 0	 0	 0	 0	 0	 0	 0	 0	 0	 0	 0	 0	 0	 0	 0	 0	 0	 0	 0	 0	 0	 0	 0	 0	 0	 0	 0	 0	 0	 0	 0	 0	
125	 0	s98	 0	 0	 0	 0	 0	 0	s95	 0	 0	 0	 0	 0	 0	 0	 0	 0	 0	 0	 0	 0	 0	G170	G93	G94	 0	 0	 0	 0	 0	 0	 0	 0	 0	 0	s97	s96	 0	 0	 0	 0	 0	 0	 0	 0	 0	
126	 0	 0	r18	 0	 0	r18	 0	 0	 0	 0	 0	 0	 0	 0	 0	 0	 0	 0	 0	 0	 0	 0	 0	 0	 0	 0	 0	 0	 0	 0	 0	 0	 0	 0	 0	 0	 0	 0	 0	 0	 0	 0	 0	 0	r18	 0	 0	
127	 0	s98	 0	 0	 0	 0	 0	 0	s95	 0	 0	 0	 0	 0	 0	 0	 0	 0	 0	 0	 0	 0	 0	 0	G171	G94	 0	 0	 0	 0	 0	 0	 0	 0	 0	 0	s97	s96	 0	 0	 0	 0	 0	 0	 0	 0	 0	
128	 0	s98	 0	 0	 0	 0	 0	 0	s95	 0	 0	 0	 0	 0	 0	 0	 0	 0	 0	 0	 0	 0	 0	 0	G172	G94	 0	 0	 0	 0	 0	 0	 0	 0	 0	 0	s97	s96	 0	 0	 0	 0	 0	 0	 0	 0	 0	
129	 0	 0	r24	 0	r24	r24	r24	 0	 0	 0	 0	 0	 0	 0	 0	 0	 0	 0	 0	 0	 0	 0	 0	 0	 0	 0	 0	 0	 0	 0	 0	 0	 0	 0	 0	 0	 0	 0	 0	 0	 0	 0	 0	 0	r24	 0	 0	
130	 0	s98	 0	 0	 0	 0	 0	 0	s95	 0	 0	 0	 0	 0	 0	 0	 0	 0	 0	 0	 0	 0	 0	 0	 0	G173	 0	 0	 0	 0	 0	 0	 0	 0	 0	 0	s97	s96	 0	 0	 0	 0	 0	 0	 0	 0	 0	
131	 0	s98	 0	 0	 0	 0	 0	 0	s95	 0	 0	 0	 0	 0	 0	 0	 0	 0	 0	 0	 0	 0	 0	 0	 0	G174	 0	 0	 0	 0	 0	 0	 0	 0	 0	 0	s97	s96	 0	 0	 0	 0	 0	 0	 0	 0	 0	
132	 0	 0	r32	r32	r32	r32	r32	r32	 0	 0	 0	 0	 0	 0	 0	 0	 0	 0	 0	 0	 0	 0	 0	 0	 0	 0	 0	 0	 0	 0	 0	 0	 0	 0	 0	 0	 0	 0	 0	 0	 0	 0	 0	 0	r32	 0	 0	
133	 0	s98	s176	 0	 0	 0	 0	 0	s95	 0	 0	 0	 0	 0	 0	 0	 0	 0	 0	 0	 0	 0	 0	G92	G93	G94	 0	 0	G90	G175	G91	 0	 0	 0	 0	 0	s97	s96	 0	 0	 0	 0	 0	 0	 0	 0	 0	
134	 0	 0	s177	 0	 0	 0	 0	 0	 0	 0	 0	 0	 0	 0	 0	 0	 0	 0	 0	 0	 0	 0	 0	 0	 0	 0	 0	 0	 0	 0	 0	 0	 0	 0	 0	 0	 0	 0	 0	 0	 0	 0	 0	 0	 0	 0	 0	
135	 0	 0	r37	 0	 0	 0	 0	 0	 0	 0	 0	 0	 0	 0	 0	 0	 0	 0	 0	 0	 0	 0	 0	 0	 0	 0	 0	 0	 0	 0	 0	 0	 0	 0	G178	 0	 0	 0	 0	 0	 0	 0	 0	 0	s101	 0	 0	
136	 0	 0	r19	 0	s103	 0	s104	 0	 0	 0	 0	 0	 0	 0	 0	 0	 0	 0	 0	 0	 0	 0	 0	 0	 0	 0	 0	 0	 0	 0	 0	G179	 0	 0	 0	 0	 0	 0	 0	 0	 0	 0	 0	 0	r19	 0	 0	
137	 0	 0	r20	 0	s103	 0	s104	 0	 0	 0	 0	 0	 0	 0	 0	 0	 0	 0	 0	 0	 0	 0	 0	 0	 0	 0	 0	 0	 0	 0	 0	G180	 0	 0	 0	 0	 0	 0	 0	 0	 0	 0	 0	 0	r20	 0	 0	
138	 0	 0	r25	s106	r25	 0	r25	s107	 0	 0	 0	 0	 0	 0	 0	 0	 0	 0	 0	 0	 0	 0	 0	 0	 0	 0	 0	 0	 0	 0	 0	 0	G181	 0	 0	 0	 0	 0	 0	 0	 0	 0	 0	 0	r25	 0	 0	
139	 0	 0	r26	s106	r26	 0	r26	s107	 0	 0	 0	 0	 0	 0	 0	 0	 0	 0	 0	 0	 0	 0	 0	 0	 0	 0	 0	 0	 0	 0	 0	 0	G182	 0	 0	 0	 0	 0	 0	 0	 0	 0	 0	 0	r26	 0	 0	
140	 0	 0	s183	 0	 0	 0	 0	 0	 0	 0	 0	 0	 0	 0	 0	 0	 0	 0	 0	 0	 0	 0	 0	 0	 0	 0	 0	 0	 0	 0	 0	 0	 0	 0	 0	 0	 0	 0	 0	 0	 0	 0	 0	 0	 0	 0	 0	
141	 0	 0	r46	r46	r46	 0	r46	r46	 0	 0	 0	 0	 0	 0	 0	 0	 0	 0	 0	 0	 0	 0	 0	 0	 0	 0	 0	 0	 0	 0	 0	 0	 0	 0	 0	 0	 0	 0	 0	 0	 0	 0	 0	 0	r46	 0	 0	
142	 0	 0	r33	r33	r33	 0	r33	r33	 0	 0	 0	 0	 0	 0	 0	 0	 0	 0	 0	 0	 0	 0	 0	 0	 0	 0	 0	 0	 0	 0	 0	 0	 0	 0	 0	 0	 0	 0	 0	 0	 0	 0	 0	 0	r33	 0	 0	
143	r40	 0	 0	 0	 0	 0	 0	 0	 0	 0	 0	 0	 0	 0	 0	 0	 0	 0	 0	 0	 0	 0	 0	 0	 0	 0	 0	 0	 0	 0	 0	 0	 0	 0	 0	 0	 0	 0	 0	 0	 0	 0	 0	 0	 0	 0	 0	
144	r42	 0	 0	 0	 0	 0	 0	 0	 0	 0	 0	 0	 0	 0	 0	 0	 0	 0	 0	 0	 0	 0	 0	 0	 0	 0	 0	 0	 0	 0	 0	 0	 0	G184	 0	 0	 0	 0	 0	 0	 0	 0	s185	 0	 0	 0	 0	
145	 0	 0	 0	 0	 0	 0	 0	 0	 0	 0	 0	 0	 0	 0	G186	G187	G21	G22	G27	G26	G24	G25	 0	 0	 0	 0	 0	 0	 0	 0	 0	 0	 0	 0	 0	 0	 0	s29	s23	 0	s28	s31	 0	s30	 0	 0	 0	
146	r6	 0	 0	 0	 0	 0	 0	 0	 0	 0	 0	 0	 0	 0	 0	 0	 0	 0	 0	 0	 0	 0	 0	 0	 0	 0	 0	 0	 0	 0	 0	 0	 0	 0	 0	 0	 0	 0	 0	 0	 0	 0	r6	 0	 0	 0	 0	
147	r13	 0	 0	 0	 0	 0	 0	 0	 0	 0	 0	 0	 0	 0	 0	 0	 0	 0	 0	 0	 0	 0	 0	 0	 0	 0	 0	 0	 0	 0	 0	 0	 0	 0	 0	 0	 0	 0	 0	 0	 0	 0	r13	 0	 0	 0	 0	
148	r34	 0	 0	 0	 0	 0	 0	 0	 0	 0	 0	 0	 0	 0	 0	 0	 0	 0	 0	 0	 0	 0	 0	 0	 0	 0	 0	 0	 0	 0	 0	 0	 0	 0	 0	 0	 0	 0	 0	 0	 0	 0	r34	 0	 0	 0	 0	
149	r39	 0	 0	 0	 0	 0	 0	 0	 0	 0	 0	 0	 0	 0	 0	 0	 0	 0	 0	 0	 0	 0	 0	 0	 0	 0	 0	 0	 0	 0	 0	 0	 0	 0	 0	 0	 0	 0	 0	 0	 0	 0	r39	 0	 0	 0	 0	
150	r41	 0	 0	 0	 0	 0	 0	 0	 0	 0	 0	 0	 0	 0	 0	 0	 0	 0	 0	 0	 0	 0	 0	 0	 0	 0	 0	 0	 0	 0	 0	 0	 0	 0	 0	 0	 0	 0	 0	 0	 0	 0	r41	 0	 0	 0	 0	
151	 0	s40	 0	 0	 0	 0	 0	 0	s37	 0	 0	 0	 0	 0	 0	 0	 0	 0	 0	 0	 0	 0	G188	G34	G35	G36	 0	 0	 0	 0	G189	 0	 0	 0	 0	 0	s39	s38	 0	 0	 0	 0	 0	 0	 0	 0	 0	
152	 0	 0	 0	 0	 0	 0	 0	 0	 0	 0	s190	 0	 0	 0	 0	 0	 0	 0	 0	 0	 0	 0	 0	 0	 0	 0	 0	 0	 0	 0	 0	 0	 0	 0	 0	 0	 0	 0	 0	 0	 0	 0	 0	 0	 0	 0	 0	
153	 0	s191	 0	 0	 0	 0	 0	 0	 0	 0	 0	 0	 0	 0	 0	 0	 0	 0	 0	 0	 0	 0	 0	 0	 0	 0	 0	 0	 0	 0	 0	 0	 0	 0	 0	 0	 0	 0	 0	 0	 0	 0	 0	 0	 0	 0	 0	
154	 0	s192	 0	 0	 0	 0	 0	 0	 0	 0	 0	 0	 0	 0	 0	 0	 0	 0	 0	 0	 0	 0	 0	 0	 0	 0	 0	 0	 0	 0	 0	 0	 0	 0	 0	 0	 0	 0	 0	 0	 0	 0	 0	 0	 0	 0	 0	
155	 0	 0	 0	 0	 0	 0	 0	 0	 0	 0	 0	 0	 0	 0	 0	 0	 0	 0	 0	 0	 0	 0	 0	 0	 0	 0	 0	 0	 0	 0	 0	 0	 0	 0	 0	 0	 0	r40	 0	 0	r40	r40	 0	r40	 0	 0	r40	
156	 0	 0	 0	 0	 0	 0	 0	 0	 0	 0	 0	 0	 0	 0	G193	G194	G21	G22	G27	G26	G24	G25	 0	 0	 0	 0	 0	 0	 0	 0	 0	 0	 0	 0	 0	 0	 0	s29	s23	 0	s28	s31	 0	s30	 0	 0	 0	
157	 0	 0	 0	 0	 0	 0	 0	 0	 0	 0	 0	 0	 0	 0	 0	 0	 0	 0	 0	 0	 0	 0	 0	 0	 0	 0	 0	 0	 0	 0	 0	 0	 0	 0	 0	 0	 0	r6	 0	 0	r6	r6	 0	r6	 0	 0	r6	
158	 0	 0	 0	 0	 0	 0	 0	 0	 0	 0	 0	 0	 0	 0	 0	 0	 0	 0	 0	 0	 0	 0	 0	 0	 0	 0	 0	 0	 0	 0	 0	 0	 0	G195	 0	 0	 0	r42	 0	 0	r42	r42	s196	r42	 0	 0	r42	
159	 0	 0	 0	 0	 0	 0	 0	 0	 0	 0	 0	 0	 0	 0	G197	G198	G21	G22	G27	G26	G24	G25	 0	 0	 0	 0	 0	 0	 0	 0	 0	 0	 0	 0	 0	 0	 0	s29	s23	 0	s28	s31	 0	s30	 0	 0	 0	
160	 0	 0	 0	 0	 0	 0	 0	 0	 0	 0	 0	 0	 0	 0	 0	 0	 0	 0	 0	 0	 0	 0	 0	 0	 0	 0	 0	 0	 0	 0	 0	 0	 0	 0	 0	 0	 0	r6	 0	 0	r6	r6	r6	r6	 0	 0	r6	
161	 0	 0	 0	 0	 0	 0	 0	 0	 0	 0	 0	 0	 0	 0	 0	 0	 0	 0	 0	 0	 0	 0	 0	 0	 0	 0	 0	 0	 0	 0	 0	 0	 0	 0	 0	 0	 0	r13	 0	 0	r13	r13	r13	r13	 0	 0	r13	
162	 0	 0	 0	 0	 0	 0	 0	 0	 0	 0	 0	 0	 0	 0	 0	 0	 0	 0	 0	 0	 0	 0	 0	 0	 0	 0	 0	 0	 0	 0	 0	 0	 0	 0	 0	 0	 0	r34	 0	 0	r34	r34	r34	r34	 0	 0	r34	
163	 0	 0	 0	 0	 0	 0	 0	 0	 0	 0	 0	 0	 0	 0	 0	 0	 0	 0	 0	 0	 0	 0	 0	 0	 0	 0	 0	 0	 0	 0	 0	 0	 0	 0	 0	 0	 0	r39	 0	 0	r39	r39	r39	r39	 0	 0	r39	
164	 0	 0	 0	 0	 0	 0	 0	 0	 0	 0	 0	 0	 0	 0	 0	 0	 0	 0	 0	 0	 0	 0	 0	 0	 0	 0	 0	 0	 0	 0	 0	 0	 0	 0	 0	 0	 0	r41	 0	 0	r41	r41	r41	r41	 0	 0	r41	
165	 0	s40	 0	 0	 0	 0	 0	 0	s37	 0	 0	 0	 0	 0	 0	 0	 0	 0	 0	 0	 0	 0	G199	G34	G35	G36	 0	 0	 0	 0	G200	 0	 0	 0	 0	 0	s39	s38	 0	 0	 0	 0	 0	 0	 0	 0	 0	
166	 0	 0	 0	 0	 0	 0	 0	 0	 0	 0	s201	 0	 0	 0	 0	 0	 0	 0	 0	 0	 0	 0	 0	 0	 0	 0	 0	 0	 0	 0	 0	 0	 0	 0	 0	 0	 0	 0	 0	 0	 0	 0	 0	 0	 0	 0	 0	
167	 0	s202	 0	 0	 0	 0	 0	 0	 0	 0	 0	 0	 0	 0	 0	 0	 0	 0	 0	 0	 0	 0	 0	 0	 0	 0	 0	 0	 0	 0	 0	 0	 0	 0	 0	 0	 0	 0	 0	 0	 0	 0	 0	 0	 0	 0	 0	
168	 0	s203	 0	 0	 0	 0	 0	 0	 0	 0	 0	 0	 0	 0	 0	 0	 0	 0	 0	 0	 0	 0	 0	 0	 0	 0	 0	 0	 0	 0	 0	 0	 0	 0	 0	 0	 0	 0	 0	 0	 0	 0	 0	 0	 0	 0	 0	
169	 0	 0	r50	 0	 0	s123	 0	 0	 0	 0	 0	 0	 0	 0	 0	 0	 0	 0	 0	 0	 0	 0	 0	 0	 0	 0	 0	 0	 0	 0	 0	 0	 0	 0	 0	G204	 0	 0	 0	 0	 0	 0	 0	 0	 0	 0	 0	
170	 0	 0	r37	 0	 0	r37	 0	 0	 0	 0	 0	 0	 0	 0	 0	 0	 0	 0	 0	 0	 0	 0	 0	 0	 0	 0	 0	 0	 0	 0	 0	 0	 0	 0	G205	 0	 0	 0	 0	 0	 0	 0	 0	 0	s125	 0	 0	
171	 0	 0	r19	 0	s127	r19	s128	 0	 0	 0	 0	 0	 0	 0	 0	 0	 0	 0	 0	 0	 0	 0	 0	 0	 0	 0	 0	 0	 0	 0	 0	G206	 0	 0	 0	 0	 0	 0	 0	 0	 0	 0	 0	 0	r19	 0	 0	
172	 0	 0	r20	 0	s127	r20	s128	 0	 0	 0	 0	 0	 0	 0	 0	 0	 0	 0	 0	 0	 0	 0	 0	 0	 0	 0	 0	 0	 0	 0	 0	G207	 0	 0	 0	 0	 0	 0	 0	 0	 0	 0	 0	 0	r20	 0	 0	
173	 0	 0	r25	s130	r25	r25	r25	s131	 0	 0	 0	 0	 0	 0	 0	 0	 0	 0	 0	 0	 0	 0	 0	 0	 0	 0	 0	 0	 0	 0	 0	 0	G208	 0	 0	 0	 0	 0	 0	 0	 0	 0	 0	 0	r25	 0	 0	
174	 0	 0	r26	s130	r26	r26	r26	s131	 0	 0	 0	 0	 0	 0	 0	 0	 0	 0	 0	 0	 0	 0	 0	 0	 0	 0	 0	 0	 0	 0	 0	 0	G209	 0	 0	 0	 0	 0	 0	 0	 0	 0	 0	 0	r26	 0	 0	
175	 0	 0	s210	 0	 0	 0	 0	 0	 0	 0	 0	 0	 0	 0	 0	 0	 0	 0	 0	 0	 0	 0	 0	 0	 0	 0	 0	 0	 0	 0	 0	 0	 0	 0	 0	 0	 0	 0	 0	 0	 0	 0	 0	 0	 0	 0	 0	
176	 0	 0	r46	r46	r46	r46	r46	r46	 0	 0	 0	 0	 0	 0	 0	 0	 0	 0	 0	 0	 0	 0	 0	 0	 0	 0	 0	 0	 0	 0	 0	 0	 0	 0	 0	 0	 0	 0	 0	 0	 0	 0	 0	 0	r46	 0	 0	
177	 0	 0	r33	r33	r33	r33	r33	r33	 0	 0	 0	 0	 0	 0	 0	 0	 0	 0	 0	 0	 0	 0	 0	 0	 0	 0	 0	 0	 0	 0	 0	 0	 0	 0	 0	 0	 0	 0	 0	 0	 0	 0	 0	 0	r33	 0	 0	
178	 0	 0	r38	 0	 0	 0	 0	 0	 0	 0	 0	 0	 0	 0	 0	 0	 0	 0	 0	 0	 0	 0	 0	 0	 0	 0	 0	 0	 0	 0	 0	 0	 0	 0	 0	 0	 0	 0	 0	 0	 0	 0	 0	 0	 0	 0	 0	
179	 0	 0	r21	 0	 0	 0	 0	 0	 0	 0	 0	 0	 0	 0	 0	 0	 0	 0	 0	 0	 0	 0	 0	 0	 0	 0	 0	 0	 0	 0	 0	 0	 0	 0	 0	 0	 0	 0	 0	 0	 0	 0	 0	 0	r21	 0	 0	
180	 0	 0	r22	 0	 0	 0	 0	 0	 0	 0	 0	 0	 0	 0	 0	 0	 0	 0	 0	 0	 0	 0	 0	 0	 0	 0	 0	 0	 0	 0	 0	 0	 0	 0	 0	 0	 0	 0	 0	 0	 0	 0	 0	 0	r22	 0	 0	
181	 0	 0	r27	 0	r27	 0	r27	 0	 0	 0	 0	 0	 0	 0	 0	 0	 0	 0	 0	 0	 0	 0	 0	 0	 0	 0	 0	 0	 0	 0	 0	 0	 0	 0	 0	 0	 0	 0	 0	 0	 0	 0	 0	 0	r27	 0	 0	
182	 0	 0	r28	 0	r28	 0	r28	 0	 0	 0	 0	 0	 0	 0	 0	 0	 0	 0	 0	 0	 0	 0	 0	 0	 0	 0	 0	 0	 0	 0	 0	 0	 0	 0	 0	 0	 0	 0	 0	 0	 0	 0	 0	 0	r28	 0	 0	
183	 0	 0	r45	r45	r45	 0	r45	r45	 0	 0	 0	 0	 0	 0	 0	 0	 0	 0	 0	 0	 0	 0	 0	 0	 0	 0	 0	 0	 0	 0	 0	 0	 0	 0	 0	 0	 0	 0	 0	 0	 0	 0	 0	 0	r45	 0	 0	
184	r43	 0	 0	 0	 0	 0	 0	 0	 0	 0	 0	 0	 0	 0	 0	 0	 0	 0	 0	 0	 0	 0	 0	 0	 0	 0	 0	 0	 0	 0	 0	 0	 0	 0	 0	 0	 0	 0	 0	 0	 0	 0	 0	 0	 0	 0	 0	
185	 0	 0	 0	 0	 0	 0	 0	 0	 0	 0	 0	 0	 0	G211	 0	 0	 0	G10	G14	G13	G11	G12	 0	 0	 0	 0	 0	 0	 0	 0	 0	 0	 0	 0	 0	 0	 0	s16	 0	 0	s15	s18	 0	s17	 0	s9	 0	
186	 0	 0	 0	 0	 0	 0	 0	 0	 0	 0	 0	 0	 0	 0	 0	G212	 0	G22	G27	G26	G24	G25	 0	 0	 0	 0	 0	 0	 0	 0	 0	 0	 0	 0	 0	 0	 0	s29	 0	 0	s28	s31	 0	s30	 0	 0	 0	
187	 0	 0	 0	 0	 0	 0	 0	 0	 0	 0	 0	 0	 0	 0	 0	 0	 0	 0	 0	 0	 0	 0	 0	 0	 0	 0	 0	 0	 0	 0	 0	 0	 0	 0	 0	 0	 0	 0	 0	 0	 0	 0	 0	 0	 0	 0	s213	
188	r14	 0	 0	 0	 0	 0	 0	 0	 0	 0	 0	 0	 0	 0	 0	 0	 0	 0	 0	 0	 0	 0	 0	 0	 0	 0	 0	 0	 0	 0	 0	 0	 0	 0	 0	 0	 0	 0	 0	 0	 0	 0	r14	 0	 0	 0	 0	
189	 0	 0	 0	 0	 0	 0	 0	 0	 0	s214	 0	 0	 0	 0	 0	 0	 0	 0	 0	 0	 0	 0	 0	 0	 0	 0	 0	 0	 0	 0	 0	 0	 0	 0	 0	 0	 0	 0	 0	 0	 0	 0	 0	 0	 0	 0	 0	
190	 0	s40	 0	 0	 0	 0	 0	 0	s37	 0	 0	 0	 0	 0	 0	 0	 0	 0	 0	 0	 0	 0	G215	G34	G35	G36	 0	 0	 0	 0	G189	 0	 0	 0	 0	 0	s39	s38	 0	 0	 0	 0	 0	 0	 0	 0	 0	
191	 0	s72	 0	 0	 0	 0	 0	 0	s69	 0	 0	 0	 0	 0	 0	 0	 0	 0	 0	 0	 0	 0	 0	G66	G67	G68	 0	 0	 0	 0	G216	 0	 0	 0	 0	 0	s71	s70	 0	 0	 0	 0	 0	 0	 0	 0	 0	
192	 0	s72	 0	 0	 0	 0	 0	 0	s69	 0	 0	 0	 0	 0	 0	 0	 0	 0	 0	 0	 0	 0	 0	G66	G67	G68	 0	 0	 0	 0	G217	 0	 0	 0	 0	 0	s71	s70	 0	 0	 0	 0	 0	 0	 0	 0	 0	
193	 0	 0	 0	 0	 0	 0	 0	 0	 0	 0	 0	 0	 0	 0	 0	G218	 0	G22	G27	G26	G24	G25	 0	 0	 0	 0	 0	 0	 0	 0	 0	 0	 0	 0	 0	 0	 0	s29	 0	 0	s28	s31	 0	s30	 0	 0	 0	
194	 0	 0	 0	 0	 0	 0	 0	 0	 0	 0	 0	 0	 0	 0	 0	 0	 0	 0	 0	 0	 0	 0	 0	 0	 0	 0	 0	 0	 0	 0	 0	 0	 0	 0	 0	 0	 0	 0	 0	 0	 0	 0	 0	 0	 0	 0	s219	
195	 0	 0	 0	 0	 0	 0	 0	 0	 0	 0	 0	 0	 0	 0	 0	 0	 0	 0	 0	 0	 0	 0	 0	 0	 0	 0	 0	 0	 0	 0	 0	 0	 0	 0	 0	 0	 0	r43	 0	 0	r43	r43	 0	r43	 0	 0	r43	
196	 0	 0	 0	 0	 0	 0	 0	 0	 0	 0	 0	 0	 0	G220	 0	 0	 0	G157	G27	G26	G24	G25	 0	 0	 0	 0	 0	 0	 0	 0	 0	 0	 0	 0	 0	 0	 0	s29	 0	 0	s28	s31	 0	s30	 0	s156	 0	
197	 0	 0	 0	 0	 0	 0	 0	 0	 0	 0	 0	 0	 0	 0	 0	G221	 0	G22	G27	G26	G24	G25	 0	 0	 0	 0	 0	 0	 0	 0	 0	 0	 0	 0	 0	 0	 0	s29	 0	 0	s28	s31	 0	s30	 0	 0	 0	
198	 0	 0	 0	 0	 0	 0	 0	 0	 0	 0	 0	 0	 0	 0	 0	 0	 0	 0	 0	 0	 0	 0	 0	 0	 0	 0	 0	 0	 0	 0	 0	 0	 0	 0	 0	 0	 0	 0	 0	 0	 0	 0	 0	 0	 0	 0	s222	
199	 0	 0	 0	 0	 0	 0	 0	 0	 0	 0	 0	 0	 0	 0	 0	 0	 0	 0	 0	 0	 0	 0	 0	 0	 0	 0	 0	 0	 0	 0	 0	 0	 0	 0	 0	 0	 0	r14	 0	 0	r14	r14	r14	r14	 0	 0	r14	
200	 0	 0	 0	 0	 0	 0	 0	 0	 0	s223	 0	 0	 0	 0	 0	 0	 0	 0	 0	 0	 0	 0	 0	 0	 0	 0	 0	 0	 0	 0	 0	 0	 0	 0	 0	 0	 0	 0	 0	 0	 0	 0	 0	 0	 0	 0	 0	
201	 0	s40	 0	 0	 0	 0	 0	 0	s37	 0	 0	 0	 0	 0	 0	 0	 0	 0	 0	 0	 0	 0	G224	G34	G35	G36	 0	 0	 0	 0	G200	 0	 0	 0	 0	 0	s39	s38	 0	 0	 0	 0	 0	 0	 0	 0	 0	
202	 0	s72	 0	 0	 0	 0	 0	 0	s69	 0	 0	 0	 0	 0	 0	 0	 0	 0	 0	 0	 0	 0	 0	G66	G67	G68	 0	 0	 0	 0	G225	 0	 0	 0	 0	 0	s71	s70	 0	 0	 0	 0	 0	 0	 0	 0	 0	
203	 0	s72	 0	 0	 0	 0	 0	 0	s69	 0	 0	 0	 0	 0	 0	 0	 0	 0	 0	 0	 0	 0	 0	G66	G67	G68	 0	 0	 0	 0	G226	 0	 0	 0	 0	 0	s71	s70	 0	 0	 0	 0	 0	 0	 0	 0	 0	
204	 0	 0	r51	 0	 0	 0	 0	 0	 0	 0	 0	 0	 0	 0	 0	 0	 0	 0	 0	 0	 0	 0	 0	 0	 0	 0	 0	 0	 0	 0	 0	 0	 0	 0	 0	 0	 0	 0	 0	 0	 0	 0	 0	 0	 0	 0	 0	
205	 0	 0	r38	 0	 0	r38	 0	 0	 0	 0	 0	 0	 0	 0	 0	 0	 0	 0	 0	 0	 0	 0	 0	 0	 0	 0	 0	 0	 0	 0	 0	 0	 0	 0	 0	 0	 0	 0	 0	 0	 0	 0	 0	 0	 0	 0	 0	
206	 0	 0	r21	 0	 0	r21	 0	 0	 0	 0	 0	 0	 0	 0	 0	 0	 0	 0	 0	 0	 0	 0	 0	 0	 0	 0	 0	 0	 0	 0	 0	 0	 0	 0	 0	 0	 0	 0	 0	 0	 0	 0	 0	 0	r21	 0	 0	
207	 0	 0	r22	 0	 0	r22	 0	 0	 0	 0	 0	 0	 0	 0	 0	 0	 0	 0	 0	 0	 0	 0	 0	 0	 0	 0	 0	 0	 0	 0	 0	 0	 0	 0	 0	 0	 0	 0	 0	 0	 0	 0	 0	 0	r22	 0	 0	
208	 0	 0	r27	 0	r27	r27	r27	 0	 0	 0	 0	 0	 0	 0	 0	 0	 0	 0	 0	 0	 0	 0	 0	 0	 0	 0	 0	 0	 0	 0	 0	 0	 0	 0	 0	 0	 0	 0	 0	 0	 0	 0	 0	 0	r27	 0	 0	
209	 0	 0	r28	 0	r28	r28	r28	 0	 0	 0	 0	 0	 0	 0	 0	 0	 0	 0	 0	 0	 0	 0	 0	 0	 0	 0	 0	 0	 0	 0	 0	 0	 0	 0	 0	 0	 0	 0	 0	 0	 0	 0	 0	 0	r28	 0	 0	
210	 0	 0	r45	r45	r45	r45	r45	r45	 0	 0	 0	 0	 0	 0	 0	 0	 0	 0	 0	 0	 0	 0	 0	 0	 0	 0	 0	 0	 0	 0	 0	 0	 0	 0	 0	 0	 0	 0	 0	 0	 0	 0	 0	 0	r45	 0	 0	
211	r44	 0	 0	 0	 0	 0	 0	 0	 0	 0	 0	 0	 0	 0	 0	 0	 0	 0	 0	 0	 0	 0	 0	 0	 0	 0	 0	 0	 0	 0	 0	 0	 0	 0	 0	 0	 0	 0	 0	 0	 0	 0	 0	 0	 0	 0	 0	
212	 0	 0	 0	 0	 0	 0	 0	 0	 0	 0	 0	 0	 0	 0	 0	 0	 0	 0	 0	 0	 0	 0	 0	 0	 0	 0	 0	 0	 0	 0	 0	 0	 0	 0	 0	 0	 0	 0	 0	 0	 0	 0	 0	 0	 0	 0	s227	
213	r5	 0	 0	 0	 0	 0	 0	 0	 0	 0	 0	 0	 0	 0	 0	 0	 0	 0	 0	 0	 0	 0	 0	 0	 0	 0	 0	 0	 0	 0	 0	 0	 0	 0	 0	 0	 0	 0	 0	 0	 0	 0	r5	 0	 0	 0	 0	
214	r15	 0	 0	 0	 0	 0	 0	 0	 0	 0	 0	 0	 0	 0	 0	 0	 0	 0	 0	 0	 0	 0	 0	 0	 0	 0	 0	 0	 0	 0	 0	 0	 0	 0	 0	 0	 0	 0	 0	 0	 0	 0	r15	 0	 0	 0	 0	
215	r35	 0	 0	 0	 0	 0	 0	 0	 0	 0	 0	 0	 0	 0	 0	 0	 0	 0	 0	 0	 0	 0	 0	 0	 0	 0	 0	 0	 0	 0	 0	 0	 0	 0	 0	 0	 0	 0	 0	 0	 0	 0	r35	 0	 0	 0	 0	
216	 0	 0	s228	 0	 0	 0	 0	 0	 0	 0	 0	 0	 0	 0	 0	 0	 0	 0	 0	 0	 0	 0	 0	 0	 0	 0	 0	 0	 0	 0	 0	 0	 0	 0	 0	 0	 0	 0	 0	 0	 0	 0	 0	 0	 0	 0	 0	
217	 0	 0	s229	 0	 0	 0	 0	 0	 0	 0	 0	 0	 0	 0	 0	 0	 0	 0	 0	 0	 0	 0	 0	 0	 0	 0	 0	 0	 0	 0	 0	 0	 0	 0	 0	 0	 0	 0	 0	 0	 0	 0	 0	 0	 0	 0	 0	
218	 0	 0	 0	 0	 0	 0	 0	 0	 0	 0	 0	 0	 0	 0	 0	 0	 0	 0	 0	 0	 0	 0	 0	 0	 0	 0	 0	 0	 0	 0	 0	 0	 0	 0	 0	 0	 0	 0	 0	 0	 0	 0	 0	 0	 0	 0	s230	
219	 0	 0	 0	 0	 0	 0	 0	 0	 0	 0	 0	 0	 0	 0	 0	 0	 0	 0	 0	 0	 0	 0	 0	 0	 0	 0	 0	 0	 0	 0	 0	 0	 0	 0	 0	 0	 0	r5	 0	 0	r5	r5	 0	r5	 0	 0	r5	
220	 0	 0	 0	 0	 0	 0	 0	 0	 0	 0	 0	 0	 0	 0	 0	 0	 0	 0	 0	 0	 0	 0	 0	 0	 0	 0	 0	 0	 0	 0	 0	 0	 0	 0	 0	 0	 0	r44	 0	 0	r44	r44	 0	r44	 0	 0	r44	
221	 0	 0	 0	 0	 0	 0	 0	 0	 0	 0	 0	 0	 0	 0	 0	 0	 0	 0	 0	 0	 0	 0	 0	 0	 0	 0	 0	 0	 0	 0	 0	 0	 0	 0	 0	 0	 0	 0	 0	 0	 0	 0	 0	 0	 0	 0	s231	
222	 0	 0	 0	 0	 0	 0	 0	 0	 0	 0	 0	 0	 0	 0	 0	 0	 0	 0	 0	 0	 0	 0	 0	 0	 0	 0	 0	 0	 0	 0	 0	 0	 0	 0	 0	 0	 0	r5	 0	 0	r5	r5	r5	r5	 0	 0	r5	
223	 0	 0	 0	 0	 0	 0	 0	 0	 0	 0	 0	 0	 0	 0	 0	 0	 0	 0	 0	 0	 0	 0	 0	 0	 0	 0	 0	 0	 0	 0	 0	 0	 0	 0	 0	 0	 0	r15	 0	 0	r15	r15	r15	r15	 0	 0	r15	
224	 0	 0	 0	 0	 0	 0	 0	 0	 0	 0	 0	 0	 0	 0	 0	 0	 0	 0	 0	 0	 0	 0	 0	 0	 0	 0	 0	 0	 0	 0	 0	 0	 0	 0	 0	 0	 0	r35	 0	 0	r35	r35	r35	r35	 0	 0	r35	
225	 0	 0	s232	 0	 0	 0	 0	 0	 0	 0	 0	 0	 0	 0	 0	 0	 0	 0	 0	 0	 0	 0	 0	 0	 0	 0	 0	 0	 0	 0	 0	 0	 0	 0	 0	 0	 0	 0	 0	 0	 0	 0	 0	 0	 0	 0	 0	
226	 0	 0	s233	 0	 0	 0	 0	 0	 0	 0	 0	 0	 0	 0	 0	 0	 0	 0	 0	 0	 0	 0	 0	 0	 0	 0	 0	 0	 0	 0	 0	 0	 0	 0	 0	 0	 0	 0	 0	 0	 0	 0	 0	 0	 0	 0	 0	
227	r4	 0	 0	 0	 0	 0	 0	 0	 0	 0	 0	 0	 0	 0	 0	 0	 0	 0	 0	 0	 0	 0	 0	 0	 0	 0	 0	 0	 0	 0	 0	 0	 0	 0	 0	 0	 0	 0	 0	 0	 0	 0	r4	 0	 0	 0	 0	
228	 0	 0	 0	 0	 0	 0	 0	 0	 0	 0	 0	 0	 0	G234	 0	 0	 0	G146	G150	G149	G147	G148	 0	 0	 0	 0	 0	 0	 0	 0	 0	 0	 0	 0	 0	 0	 0	s152	 0	 0	s151	s154	 0	s153	 0	s145	 0	
229	 0	 0	 0	 0	 0	 0	 0	 0	 0	 0	 0	 0	 0	G235	 0	 0	 0	G146	G150	G149	G147	G148	 0	 0	 0	 0	 0	 0	 0	 0	 0	 0	 0	 0	 0	 0	 0	s152	 0	 0	s151	s154	 0	s153	 0	s145	 0	
230	 0	 0	 0	 0	 0	 0	 0	 0	 0	 0	 0	 0	 0	 0	 0	 0	 0	 0	 0	 0	 0	 0	 0	 0	 0	 0	 0	 0	 0	 0	 0	 0	 0	 0	 0	 0	 0	r4	 0	 0	r4	r4	 0	r4	 0	 0	r4	
231	 0	 0	 0	 0	 0	 0	 0	 0	 0	 0	 0	 0	 0	 0	 0	 0	 0	 0	 0	 0	 0	 0	 0	 0	 0	 0	 0	 0	 0	 0	 0	 0	 0	 0	 0	 0	 0	r4	 0	 0	r4	r4	r4	r4	 0	 0	r4	
232	 0	 0	 0	 0	 0	 0	 0	 0	 0	 0	 0	 0	 0	G236	 0	 0	 0	G160	G164	G163	G161	G162	 0	 0	 0	 0	 0	 0	 0	 0	 0	 0	 0	 0	 0	 0	 0	s166	 0	 0	s165	s168	 0	s167	 0	s159	 0	
233	 0	 0	 0	 0	 0	 0	 0	 0	 0	 0	 0	 0	 0	G237	 0	 0	 0	G160	G164	G163	G161	G162	 0	 0	 0	 0	 0	 0	 0	 0	 0	 0	 0	 0	 0	 0	 0	s166	 0	 0	s165	s168	 0	s167	 0	s159	 0	
234	r40	 0	 0	 0	 0	 0	 0	 0	 0	 0	 0	 0	 0	 0	 0	 0	 0	 0	 0	 0	 0	 0	 0	 0	 0	 0	 0	 0	 0	 0	 0	 0	 0	 0	 0	 0	 0	 0	 0	 0	 0	 0	r40	 0	 0	 0	 0	
235	r42	 0	 0	 0	 0	 0	 0	 0	 0	 0	 0	 0	 0	 0	 0	 0	 0	 0	 0	 0	 0	 0	 0	 0	 0	 0	 0	 0	 0	 0	 0	 0	 0	G238	 0	 0	 0	 0	 0	 0	 0	 0	s239	 0	 0	 0	 0	
236	 0	 0	 0	 0	 0	 0	 0	 0	 0	 0	 0	 0	 0	 0	 0	 0	 0	 0	 0	 0	 0	 0	 0	 0	 0	 0	 0	 0	 0	 0	 0	 0	 0	 0	 0	 0	 0	r40	 0	 0	r40	r40	r40	r40	 0	 0	r40	
237	 0	 0	 0	 0	 0	 0	 0	 0	 0	 0	 0	 0	 0	 0	 0	 0	 0	 0	 0	 0	 0	 0	 0	 0	 0	 0	 0	 0	 0	 0	 0	 0	 0	G240	 0	 0	 0	r42	 0	 0	r42	r42	s241	r42	 0	 0	r42	
238	r43	 0	 0	 0	 0	 0	 0	 0	 0	 0	 0	 0	 0	 0	 0	 0	 0	 0	 0	 0	 0	 0	 0	 0	 0	 0	 0	 0	 0	 0	 0	 0	 0	 0	 0	 0	 0	 0	 0	 0	 0	 0	r43	 0	 0	 0	 0	
239	 0	 0	 0	 0	 0	 0	 0	 0	 0	 0	 0	 0	 0	G242	 0	 0	 0	G146	G150	G149	G147	G148	 0	 0	 0	 0	 0	 0	 0	 0	 0	 0	 0	 0	 0	 0	 0	s152	 0	 0	s151	s154	 0	s153	 0	s145	 0	
240	 0	 0	 0	 0	 0	 0	 0	 0	 0	 0	 0	 0	 0	 0	 0	 0	 0	 0	 0	 0	 0	 0	 0	 0	 0	 0	 0	 0	 0	 0	 0	 0	 0	 0	 0	 0	 0	r43	 0	 0	r43	r43	r43	r43	 0	 0	r43	
241	 0	 0	 0	 0	 0	 0	 0	 0	 0	 0	 0	 0	 0	G243	 0	 0	 0	G160	G164	G163	G161	G162	 0	 0	 0	 0	 0	 0	 0	 0	 0	 0	 0	 0	 0	 0	 0	s166	 0	 0	s165	s168	 0	s167	 0	s159	 0	
242	r44	 0	 0	 0	 0	 0	 0	 0	 0	 0	 0	 0	 0	 0	 0	 0	 0	 0	 0	 0	 0	 0	 0	 0	 0	 0	 0	 0	 0	 0	 0	 0	 0	 0	 0	 0	 0	 0	 0	 0	 0	 0	r44	 0	 0	 0	 0	
243	 0	 0	 0	 0	 0	 0	 0	 0	 0	 0	 0	 0	 0	 0	 0	 0	 0	 0	 0	 0	 0	 0	 0	 0	 0	 0	 0	 0	 0	 0	 0	 0	 0	 0	 0	 0	 0	r44	 0	 0	r44	r44	r44	r44	 0	 0	r44	
