    ( ) * + , - / 0 ; = q r s t u v w x y { } 
A : 0 0 0 0 0 0 0 0 0 0 0 0 1 1 0 0 0 0 0 0 0 
B : 0 0 0 0 0 0 0 0 0 0 0 1 1 1 0 0 0 0 0 0 0 
C : 0 0 0 0 0 0 0 0 0 0 0 1 0 0 1 1 0 1 0 1 0 
F : 0 0 0 0 0 0 0 0 1 0 0 0 1 0 0 0 0 0 0 0 0 
G : 0 0 0 0 0 0 0 0 0 0 0 1 0 0 1 1 0 1 0 0 0 
H : 0 0 0 0 0 0 0 0 0 0 0 0 1 0 0 0 0 0 0 0 0 
I : 0 0 0 0 0 0 0 0 0 0 0 1 0 0 1 1 0 1 0 0 0 
J : 0 0 0 0 0 0 0 0 0 0 0 0 0 0 0 1 0 0 0 0 0 
K : 0 0 0 0 0 0 0 0 0 0 0 0 0 0 0 0 0 1 0 0 0 
L : 0 0 0 0 0 0 0 0 0 0 0 0 0 0 1 0 0 0 0 0 0 
M : 0 0 0 0 0 0 0 0 0 0 0 1 0 0 0 0 0 0 0 0 0 
N : 1 0 0 0 0 0 0 1 1 0 1 1 0 0 0 0 0 0 0 0 0 
O : 1 0 0 0 0 0 0 1 0 0 1 1 0 0 0 0 0 0 0 0 0 
P : 1 0 0 0 0 0 0 1 0 0 1 1 0 0 0 0 0 0 0 0 0 
Q : 1 0 0 0 0 0 0 1 0 0 1 1 0 0 0 0 0 0 0 0 0 
R : 1 0 0 0 0 0 0 0 0 0 0 0 0 0 0 0 0 0 0 0 0 
S : 0 0 0 0 0 0 0 0 0 0 0 1 1 1 0 0 0 0 0 0 0 
U : 1 0 0 0 0 0 0 1 0 0 1 1 0 0 0 0 0 0 0 0 0 
V : 1 0 0 0 0 0 0 1 0 0 1 1 0 0 0 0 0 0 0 0 0 
W : 1 0 0 0 0 0 0 1 0 0 1 1 0 0 0 0 0 0 0 0 0 
Y : 0 0 0 1 0 1 0 0 0 0 0 0 0 0 0 0 0 0 0 0 0 
Z : 0 0 1 0 0 0 1 0 0 0 0 0 0 0 0 0 0 0 0 0 0 
b : 0 0 0 0 0 0 0 0 0 0 0 0 0 0 0 0 1 0 0 0 0 
c : 0 0 0 0 0 0 0 0 0 0 0 0 0 0 0 0 0 0 1 0 0 
f : 0 0 0 0 1 0 0 0 0 0 0 0 0 0 0 0 0 0 0 0 0 
